[{"id": 0, "img_name": "_DSC8874", "width": 5068, "height": 3326, "position": [-3.904937949997803, 0.8145537871290568, 1.133124265571635], "rotation": [[-0.13715107848259683, 0.14188286836778607, 0.9803360818284667], [0.38282618527072493, 0.9203805760989182, -0.07964739173939103], [-0.9135828881618379, 0.3643745968142578, -0.1805476658789084]], "fy": 4205.602293502312, "fx": 4219.170711040735}, {"id": 1, "img_name": "_DSC8875", "width": 5068, "height": 3326, "position": [-3.9863420205365254, 0.9732803560568223, 1.2235624511291243], "rotation": [[-0.13189739415329968, 0.4521626210189818, 0.8821292657931794], [0.3832473286992202, 0.8439635698791575, -0.37529585364314955], [-0.9141797210945344, 0.2885731395505708, -0.28460671227053974]], "fy": 4205.602293502312, "fx": 4219.170711040735}, {"id": 2, "img_name": "_DSC8876", "width": 5068, "height": 3326, "position": [-3.217405718834932, 0.2301478485073498, 2.412228429082663], "rotation": [[-0.5379415306543996, 0.06296353353384032, 0.8406274460438079], [0.33953414069508164, 0.9289247094565657, 0.14770054659170226], [-0.7715798577591658, 0.3648759756492171, -0.5210854493212969]], "fy": 4205.602293502312, "fx": 4219.170711040735}, {"id": 3, "img_name": "_DSC8877", "width": 5068, "height": 3326, "position": [-3.270199289336982, 0.37004921664908746, 2.4926747017420574], "rotation": [[-0.549737200583778, 0.3403822469485628, 0.7628426680886154], [0.332482302243658, 0.926920645343348, -0.17399320656573955], [-0.7663188168047727, 0.15798114823775286, -0.6227338338426885]], "fy": 4205.602293502312, "fx": 4219.170711040735}, {"id": 4, "img_name": "_DSC8878", "width": 5068, "height": 3326, "position": [-2.4236546887699504, -0.286767597373371, 3.3002513138283573], "rotation": [[-0.7738663497223869, 0.005426217630580139, 0.633325689459676], [0.24462352439146393, 0.9249260373998724, 0.29098308654296146], [-0.5842004827810802, 0.3801083812572347, -0.7170965168067387]], "fy": 4205.602293502312, "fx": 4219.170711040735}, {"id": 5, "img_name": "_DSC8879", "width": 5068, "height": 3326, "position": [-2.459677627520277, -0.0800860020066652, 3.442352650994267], "rotation": [[-0.7785189783104496, 0.24766713194154938, 0.57668812382977], [0.24791211022438714, 0.9654769824984626, -0.07996112724164568], [-0.5765828526886178, 0.0807167146352631, -0.81304183530981]], "fy": 4205.602293502312, "fx": 4219.170711040735}, {"id": 6, "img_name": "_DSC8880", "width": 5068, "height": 3326, "position": [-0.820016300083459, -0.691946691413477, 4.178762925871695], "rotation": [[-0.9817005655724306, 0.043810535272238285, 0.18532305996267331], [0.11607263461435169, 0.9091628323765106, 0.3999376047820513], [-0.15096735755934737, 0.41412990863288424, -0.897610870994367]], "fy": 4205.602293502312, "fx": 4219.170711040735}, {"id": 7, "img_name": "_DSC8881", "width": 5068, "height": 3326, "position": [-0.8062987865508748, -0.5327064389495563, 4.318163720910222], "rotation": [[-0.9643380152336816, 0.1500822472480913, 0.2180080536038207], [0.1460482684902618, 0.9886723421274526, -0.034596288575711384], [-0.2207308216950228, -0.001522817513783023, -0.9753335764653338]], "fy": 4205.602293502312, "fx": 4219.170711040735}, {"id": 8, "img_name": "_DSC8882", "width": 5068, "height": 3326, "position": [1.0268475984562218, -0.8534070456784593, 4.425708169904472], "rotation": [[-0.9880381930611936, 0.06897983761352426, -0.13792139447954788], [0.009171564745518127, 0.919079915138697, 0.393964455235195], [0.15393638768169793, 0.3879869734816584, -0.9087187116792813]], "fy": 4205.602293502312, "fx": 4219.170711040735}, {"id": 9, "img_name": "_DSC8883", "width": 5068, "height": 3326, "position": [1.0303046580511481, -0.7327650008491763, 4.509592733109068], "rotation": [[-0.9751919230708711, 0.00561559060666737, -0.22128980618066085], [-0.00043005058764376553, 0.9996282199932065, 0.02726237058118399], [0.22136062936716686, 0.02668120940572313, -0.9748269512230465]], "fy": 4205.602293502312, "fx": 4219.170711040735}, {"id": 10, "img_name": "_DSC8884", "width": 5068, "height": 3326, "position": [2.848395985075941, -0.6451398261814266, 3.75876928083175], "rotation": [[-0.8366698415971604, 0.042191791830221204, -0.5460800571930251], [-0.17578810719244145, 0.9235951271119883, 0.34069133030455717], [0.5187312575230849, 0.38104054098894174, -0.7653273734758044]], "fy": 4205.602293502312, "fx": 4219.170711040735}, {"id": 11, "img_name": "_DSC8885", "width": 5068, "height": 3326, "position": [2.865910974821075, -0.5583791088883242, 3.823558238936582], "rotation": [[-0.8208129889599051, -0.1544692397137764, -0.5499138942934194], [-0.1951963706920033, 0.9806353437093073, 0.015896525934894778], [0.5368094764656975, 0.12038927132588105, -0.8350700625254425]], "fy": 4205.602293502312, "fx": 4219.170711040735}, {"id": 12, "img_name": "_DSC8886", "width": 5068, "height": 3326, "position": [3.9063059791511665, -0.059233463627211685, 2.3254723485289337], "rotation": [[-0.5170647208174849, 0.05314095680409659, -0.8542950972561423], [-0.2683147431805582, 0.9377027901974336, 0.2207276055410809], [0.8128045725006025, 0.34335042735650273, -0.4705945292459522]], "fy": 4205.602293502312, "fx": 4219.170711040735}, {"id": 13, "img_name": "_DSC8887", "width": 5068, "height": 3326, "position": [3.9430864271224646, 0.02139281110927642, 2.374289690921138], "rotation": [[-0.5472095579014031, -0.25465374918938904, -0.7973162282088196], [-0.23363669922551863, 0.9612013755654006, -0.14664858808112072], [0.8037260680831219, 0.10603482274691388, -0.5854750411833755]], "fy": 4205.602293502312, "fx": 4219.170711040735}, {"id": 14, "img_name": "_DSC8888", "width": 5068, "height": 3326, "position": [4.107941754537158, 0.45219986428880443, 0.7542183170616642], "rotation": [[-0.21317581550795175, 0.00194509296122682, -0.9770119181954188], [-0.35044715429060036, 0.9333018514112915, 0.07832270553214898], [0.9119993770459166, 0.3590875530641904, -0.19827573099659065]], "fy": 4205.602293502312, "fx": 4219.170711040735}, {"id": 15, "img_name": "_DSC8889", "width": 5068, "height": 3326, "position": [4.199456615171931, 0.5996900932824264, 0.8482358508969755], "rotation": [[-0.18568486078620836, -0.355097644773009, -0.916202376744062], [-0.339728436955035, 0.8981158216718093, -0.2792356710502077], [0.9220117795336972, 0.259410164680247, -0.2874032791421697]], "fy": 4205.602293502312, "fx": 4219.170711040735}, {"id": 16, "img_name": "_DSC8890", "width": 5068, "height": 3326, "position": [3.773665033732914, 1.1434974704192549, -0.8762122132963149], "rotation": [[0.20798348438920203, 0.034867078593045615, -0.9775106940856007], [-0.3836298154773797, 0.9222003785314391, -0.04873013968030156], [0.8997616544941874, 0.385137311444706, 0.20517849895889514]], "fy": 4205.602293502312, "fx": 4219.170711040735}, {"id": 17, "img_name": "_DSC8891", "width": 5068, "height": 3326, "position": [3.8241393209252306, 1.2641307227996474, -0.8334689437478319], "rotation": [[0.2372854186370098, -0.305896451246415, -0.9220211446692035], [-0.3625590600343724, 0.8526612882512732, -0.37619098275300455], [0.9012472236236023, 0.42355175437309744, 0.09141856090652496]], "fy": 4205.602293502312, "fx": 4219.170711040735}, {"id": 18, "img_name": "_DSC8892", "width": 5068, "height": 3326, "position": [2.753120018581211, 1.6208034270087812, -2.27647472532909], "rotation": [[0.5888461552432638, 0.03683855876339489, -0.80740518083764], [-0.31634404362295526, 0.9297705130457011, -0.18829030547272327], [0.743765185740435, 0.3662918421954952, 0.5591454505059721]], "fy": 4205.602293502312, "fx": 4219.170711040735}, {"id": 19, "img_name": "_DSC8893", "width": 5068, "height": 3326, "position": [2.806640019551398, 1.8333317586100337, -2.2170738586807914], "rotation": [[0.6303859972123851, -0.27939132970222164, -0.7242609884604934], [-0.28187434394105193, 0.7869252187776428, -0.5489039572453094], [0.7232982432899643, 0.5501719594263083, 0.417313391008087]], "fy": 4205.602293502312, "fx": 4219.170711040735}, {"id": 20, "img_name": "_DSC8894", "width": 5068, "height": 3326, "position": [1.2484145371583173, 2.1866369716192398, -3.448089521008872], "rotation": [[0.9134429573915333, 0.036107005323180244, -0.40536187260076784], [-0.17060430103764948, 0.9382830911597808, -0.300863778662539], [0.3694809008044453, 0.34397837869586817, 0.8632280920651839]], "fy": 4205.602293502312, "fx": 4219.170711040735}, {"id": 21, "img_name": "_DSC8895", "width": 5068, "height": 3326, "position": [1.2872261884734373, 2.3651674333157793, -3.446296241121033], "rotation": [[0.9237808631824247, -0.1193913416209191, -0.36383323702472736], [-0.1669557491915509, 0.7295018479541947, -0.6632894026315382], [0.34460803041981247, 0.6734781075709676, 0.6539667759089949]], "fy": 4205.602293502312, "fx": 4219.170711040735}, {"id": 22, "img_name": "_DSC8896", "width": 5068, "height": 3326, "position": [-0.8267005035598048, 2.38890771876277, -3.6529606356218247], "rotation": [[0.9943680840131016, 0.04229359266814482, 0.09717698037773373], [-0.0023169980024022744, 0.9253787372015794, -0.3790367056835883], [-0.10595633542346705, 0.3766768439318129, 0.9202650760673244]], "fy": 4205.602293502312, "fx": 4219.170711040735}, {"id": 23, "img_name": "_DSC8897", "width": 5068, "height": 3326, "position": [-0.8207719303524207, 2.570621076465373, -3.638413786383504], "rotation": [[0.9921231161550406, 0.0835457011360637, 0.09333722843804267], [0.007508661472947352, 0.7041062079259005, -0.7100549753104286], [-0.1250413627312839, 0.7051627923975372, 0.6979327287242024]], "fy": 4205.602293502312, "fx": 4219.170711040735}, {"id": 24, "img_name": "_DSC8898", "width": 5068, "height": 3326, "position": [-2.610755882745686, 2.3483579585448795, -2.846191391887597], "rotation": [[0.8104925724546155, 0.05426894091693283, 0.5832295191840465], [0.14923305765984898, 0.943710439360805, -0.295195022219089], [-0.566419707017148, 0.32629049739946564, 0.7567715816608189]], "fy": 4205.602293502312, "fx": 4219.170711040735}, {"id": 25, "img_name": "_DSC8899", "width": 5068, "height": 3326, "position": [-2.626242823334989, 2.543003926957863, -2.8305852512066045], "rotation": [[0.8108127297151934, 0.26176325341625584, 0.5235099965547301], [0.16104136110779993, 0.7601301634112426, -0.6294980656721231], [-0.562715200918141, 0.5947118073767615, 0.5741685021161659]], "fy": 4205.602293502312, "fx": 4219.170711040735}, {"id": 26, "img_name": "_DSC8900", "width": 5068, "height": 3326, "position": [-3.667802081409111, 1.9514189250443346, -1.5190882304569078], "rotation": [[0.5003023246457492, 0.09008362520679192, 0.861151859095515], [0.28678077312723715, 0.9211952894637832, -0.262975335030266], [-0.8169788076312646, 0.37852896737150615, 0.4350418930885364]], "fy": 4205.602293502312, "fx": 4219.170711040735}, {"id": 27, "img_name": "_DSC8901", "width": 5068, "height": 3326, "position": [-3.703171728381982, 2.099947834150049, -1.4739510696246336], "rotation": [[0.4693893212546, 0.38432954566239086, 0.7949619270273802], [0.30948075767343547, 0.7715881268194508, -0.5557638196042701], [-0.8269796404519415, 0.5068950215598802, 0.24323262814800636]], "fy": 4205.602293502312, "fx": 4219.170711040735}, {"id": 28, "img_name": "_DSC8902", "width": 5068, "height": 3326, "position": [-3.723784750681814, 0.6931809094032223, 0.033024003619158915], "rotation": [[0.06143256080268997, -0.03800321150673214, 0.9973874855783976], [0.35251408808170587, 0.9357026697768752, 0.013940282506148864], [-0.9337879085622961, 0.3507367526901088, 0.07087927860277914]], "fy": 4205.602293502312, "fx": 4219.170711040735}, {"id": 29, "img_name": "_DSC8903", "width": 5068, "height": 3326, "position": [-3.830942639116811, 0.9438502338459233, 0.12236813861521466], "rotation": [[0.032640921145736565, 0.2687186951664782, 0.9626654835064892], [0.37213740324481237, 0.8906567392383472, -0.26123614978697485], [-0.927603537818267, 0.3667708217911292, -0.07092842102918986]], "fy": 4205.602293502312, "fx": 4219.170711040735}, {"id": 30, "img_name": "_DSC8904", "width": 5068, "height": 3326, "position": [-3.218892138930375, -0.05959588676723546, 1.6312067318321815], "rotation": [[-0.4196187454039011, -0.038279296173076696, 0.9068929396517265], [0.32149547750820634, 0.9280750536294397, 0.1879291163510411], [-0.8488585079077824, 0.3704205587102404, -0.37713106904280225]], "fy": 4205.602293502312, "fx": 4219.170711040735}, {"id": 31, "img_name": "_DSC8905", "width": 5068, "height": 3326, "position": [-3.2817750642378294, 0.12636193988240293, 1.7434709097082142], "rotation": [[-0.41486314616405245, 0.37855681237262906, 0.8273954977887769], [0.34479041684761386, 0.9069309636504601, -0.24206568451991803], [-0.8420262100462861, 0.18485390712214309, -0.5067749940720885]], "fy": 4205.602293502312, "fx": 4219.170711040735}, {"id": 32, "img_name": "_DSC8906", "width": 5068, "height": 3326, "position": [-2.02654578877827, -0.7031913477076462, 3.0075819639798955], "rotation": [[-0.8275063454090062, -0.043116740502711734, 0.5597983520842589], [0.20168015433348538, 0.9076742226237001, 0.36803888508211063], [-0.5239831711571008, 0.4174547308066868, -0.7424103879063553]], "fy": 4205.602293502312, "fx": 4219.170711040735}, {"id": 33, "img_name": "_DSC8907", "width": 5068, "height": 3326, "position": [-2.0529129243676687, -0.5501888170039111, 3.1479004880332297], "rotation": [[-0.8147389548442615, 0.2916600408996136, 0.501133571018462], [0.24257331002691535, 0.9564626328554292, -0.1622880809358675], [-0.5266484830718363, -0.010660792357813016, -0.8500163073638277]], "fy": 4205.602293502312, "fx": 4219.170711040735}, {"id": 34, "img_name": "_DSC8908", "width": 5068, "height": 3326, "position": [-0.08170532499023027, -1.035937814128562, 3.582085416412352], "rotation": [[-0.9999789412805948, 0.006486321195208676, 0.0002112645085089279], [0.005950998280108185, 0.9034909015150857, 0.4285659534994909], [0.0025889408664776913, 0.4285581856840565, -0.9035104752399825]], "fy": 4205.602293502312, "fx": 4219.170711040735}, {"id": 35, "img_name": "_DSC8909", "width": 5068, "height": 3326, "position": [-0.06400225537632023, -0.924444084083404, 3.7509846471094104], "rotation": [[-0.9991964424598812, 0.03312247402959181, 0.022569250977282813], [0.03250480014389196, 0.9991012261924512, -0.027206208636013383], [-0.02345010326463844, -0.02645073788951196, -0.9993750302674055]], "fy": 4205.602293502312, "fx": 4219.170711040735}, {"id": 36, "img_name": "_DSC8910", "width": 5068, "height": 3326, "position": [1.9193833239118556, -1.120674043630875, 3.4409582722353664], "rotation": [[-0.8728564296919673, 0.05640297924760047, -0.48470646486031704], [-0.17893742111274127, 0.8871113842009039, 0.4254583309169981], [0.45398574038279277, 0.4580961645256934, -0.7642282719030588]], "fy": 4205.602293502312, "fx": 4219.170711040735}, {"id": 37, "img_name": "_DSC8911", "width": 5068, "height": 3326, "position": [2.000954644052496, -0.9366774796309459, 3.607403764910501], "rotation": [[-0.8911179983059389, -0.12724684366153785, -0.4355650971707824], [-0.15318424769528305, 0.9878865312979421, 0.024794909520904466], [0.4271338190230869, 0.08881690187287439, -0.8998156803415116]], "fy": 4205.602293502312, "fx": 4219.170711040735}, {"id": 38, "img_name": "_DSC8912", "width": 5068, "height": 3326, "position": [3.2635917116174906, -0.7367145231809606, 2.4862029405892225], "rotation": [[-0.6199263737309365, 0.056027619248611236, -0.7826571388763685], [-0.30774813152243236, 0.9001685462031129, 0.3082007072850837], [0.7217910907577497, 0.4319230189604472, -0.5407958274569343]], "fy": 4205.602293502312, "fx": 4219.170711040735}, {"id": 39, "img_name": "_DSC8913", "width": 5068, "height": 3326, "position": [3.4276232377003577, -0.5260196241872602, 2.6887772223116277], "rotation": [[-0.6068591168300635, -0.29123368316097964, -0.7395302252867865], [-0.32150133476027715, 0.940878084165326, -0.1067020266196759], [0.7268830057633727, 0.1730068568868759, -0.6646124610647385]], "fy": 4205.602293502312, "fx": 4219.170711040735}, {"id": 40, "img_name": "_DSC8914", "width": 5068, "height": 3326, "position": [3.7635948874624052, -0.17564796565518895, 1.0279251924947739], "rotation": [[-0.30510432924957126, 0.17912177807392968, -0.9353217290819256], [-0.34401293464595484, 0.8951006371086492, 0.2836370043629149], [0.8880126401518432, 0.4083016508261069, -0.21147887096168433]], "fy": 4205.602293502312, "fx": 4219.170711040735}, {"id": 41, "img_name": "_DSC8915", "width": 5068, "height": 3326, "position": [3.8379104879579313, 0.08740229142122696, 1.159166909303814], "rotation": [[-0.30564454564882726, -0.2597927251685641, -0.9160180957080557], [-0.3185711166721495, 0.9345124941395396, -0.15874143101079943], [0.89727022425654, 0.24329845508467077, -0.3683911052346824]], "fy": 4205.602293502312, "fx": 4219.170711040735}, {"id": 42, "img_name": "_DSC8916", "width": 5068, "height": 3326, "position": [3.4776499095540343, 0.404577489581209, -0.6667241956842768], "rotation": [[0.1402631950345294, 0.1363070444415757, -0.9806868132866412], [-0.3918162502025056, 0.9172647419298574, 0.0714522168277493], [0.9092888771979744, 0.3742269135804565, 0.18206579842488926]], "fy": 4205.602293502312, "fx": 4219.170711040735}, {"id": 43, "img_name": "_DSC8917", "width": 5068, "height": 3326, "position": [3.662252127469115, 0.7612230658712617, -0.5683603045187363], "rotation": [[0.10132197782177484, -0.21374992219458366, -0.9716196928696398], [-0.3621033980271842, 0.9017322207918798, -0.2361358319334679], [0.9266147991195964, 0.3757525419043148, 0.013965718921549665]], "fy": 4205.602293502312, "fx": 4219.170711040735}, {"id": 44, "img_name": "_DSC8918", "width": 5068, "height": 3326, "position": [2.6396275027464906, 0.9410597937067161, -2.016854143720011], "rotation": [[0.584578448996416, 0.16279080975152008, -0.7948378383226289], [-0.35110983847317284, 0.9339376390481904, -0.06695048690214912], [0.7314300501731436, 0.31821319681863725, 0.6031172714109386]], "fy": 4205.602293502312, "fx": 4219.170711040735}, {"id": 45, "img_name": "_DSC8919", "width": 5068, "height": 3326, "position": [2.7956337942652953, 1.3470955870771941, -1.9870891831479558], "rotation": [[0.5277444433114044, -0.27122685291602516, -0.8049358960881323], [-0.30055781497151374, 0.8267105691651059, -0.475620263119914], [0.7944499999455505, 0.4929357251082292, 0.3547725588296524]], "fy": 4205.602293502312, "fx": 4219.170711040735}, {"id": 46, "img_name": "_DSC8920", "width": 5068, "height": 3326, "position": [1.2682152666592172, 1.4334480784602661, -2.9967673838673643], "rotation": [[0.8983861051482394, 0.11378856337349127, -0.42421052429421596], [-0.2082995839693905, 0.9607092732827736, -0.18343657090848528], [0.38667000063976453, 0.2531597422061451, 0.8867899726154793]], "fy": 4205.602293502312, "fx": 4219.170711040735}, {"id": 47, "img_name": "_DSC8921", "width": 5068, "height": 3326, "position": [1.3458388686118594, 1.8015762172293361, -3.023691962239884], "rotation": [[0.8770209493699909, -0.08106688083175329, -0.47356352815474506], [-0.1983198944565542, 0.8366896713653985, -0.5105091706259572], [0.43761109884108396, 0.5416443064065862, 0.717717194658472]], "fy": 4205.602293502312, "fx": 4219.170711040735}, {"id": 48, "img_name": "_DSC8922", "width": 5068, "height": 3326, "position": [-0.448388040487564, 1.6829573336040071, -3.432240399713642], "rotation": [[0.9984510508635059, 0.03461458739954168, 0.04355834442125029], [-0.02333679530259547, 0.9712540595132432, -0.2368985982737138], [-0.050506366079589755, 0.23551514222700237, 0.9705574299170707]], "fy": 4205.602293502312, "fx": 4219.170711040735}, {"id": 49, "img_name": "_DSC8923", "width": 5068, "height": 3326, "position": [-0.44156937609983565, 2.0624867606616935, -3.4670511975386757], "rotation": [[0.9970220043904875, 0.07700354608183442, 0.004192451788320297], [-0.0547348413151178, 0.7448947938138938, -0.6649329615045153], [-0.05432513145297913, 0.6627233208811798, 0.7468912772638581]], "fy": 4205.602293502312, "fx": 4219.170711040735}, {"id": 50, "img_name": "_DSC8924", "width": 5068, "height": 3326, "position": [-1.9607006861358158, 1.5896357941334935, -2.8768012562783656], "rotation": [[0.8618903893300665, 0.02566306495208156, 0.5064448280688941], [0.1175842710801422, 0.9613841006316021, -0.24882634556516867], [-0.49327365222056835, 0.27401098180552974, 0.8255901440030345]], "fy": 4205.602293502312, "fx": 4219.170711040735}, {"id": 51, "img_name": "_DSC8925", "width": 5068, "height": 3326, "position": [-2.000881546913503, 1.9216142536430287, -2.878535986028119], "rotation": [[0.8723605394698065, 0.22853835040399303, 0.4321542682544852], [0.10684170128938006, 0.773498845081604, -0.6247274505918687], [-0.47704500840228775, 0.5911596730596959, 0.6503524436076294]], "fy": 4205.602293502312, "fx": 4219.170711040735}, {"id": 52, "img_name": "_DSC8926", "width": 5068, "height": 3326, "position": [-2.948680826567392, 1.2455748220100964, -1.6884880033987657], "rotation": [[0.5483204084947748, -0.0709035791371603, 0.8332571104369069], [0.2769582562668137, 0.9555654184722254, -0.10093985984558759], [-0.7890746820889447, 0.2861248215124675, 0.543593352241075]], "fy": 4205.602293502312, "fx": 4219.170711040735}, {"id": 53, "img_name": "_DSC8927", "width": 5068, "height": 3326, "position": [-3.0861533963871777, 1.5718019515770751, -1.6570829181951034], "rotation": [[0.5146446653333452, 0.3244601623638513, 0.7936412738024353], [0.30455338978726737, 0.7960945456512412, -0.5229538288925978], [-0.8014911735091121, 0.510841538466839, 0.3108903687215465]], "fy": 4205.602293502312, "fx": 4219.170711040735}, {"id": 54, "img_name": "_DSC8928", "width": 5068, "height": 3326, "position": [-3.3999578137258006, 0.28503557164047943, -0.5626958202031095], "rotation": [[0.1512720263957165, -0.32203491302861237, 0.9345642240214356], [0.3655397792398914, 0.8966490134388729, 0.24980235485748992], [-0.9184211690849603, 0.30383229171658155, 0.253354484244635]], "fy": 4205.602293502312, "fx": 4219.170711040735}, {"id": 55, "img_name": "_DSC8929", "width": 5068, "height": 3326, "position": [-3.331008575368543, 0.6309497022858059, -0.40662344845700765], "rotation": [[0.17233031847678132, 0.005428729791721304, 0.9850242586995205], [0.33665104844307014, 0.9394469104972267, -0.06407475274550235], [-0.9257258411192121, 0.3426514719800049, 0.1600675977019183]], "fy": 4205.602293502312, "fx": 4219.170711040735}, {"id": 56, "img_name": "_DSC8930", "width": 5068, "height": 3326, "position": [-3.1970297028308896, -0.43737581244344237, 0.9852937067854312], "rotation": [[-0.35527071590971265, -0.32686396280862456, 0.8757526295901384], [0.3409682827915477, 0.8270058849468352, 0.4469920540607905], [-0.8703581725629874, 0.457407057313662, -0.18236072870131068]], "fy": 4205.602293502312, "fx": 4219.170711040735}, {"id": 57, "img_name": "_DSC8931", "width": 5068, "height": 3326, "position": [-3.148012918932174, -0.04223138634271687, 1.1443614199271852], "rotation": [[-0.35239736195583593, -0.11540855496728326, 0.9287071469128094], [0.33463038840015163, 0.9112196841620219, 0.24021072073250396], [-0.8739786052562907, 0.39542325758107466, -0.28249220328752417]], "fy": 4205.602293502312, "fx": 4219.170711040735}, {"id": 58, "img_name": "_DSC8932", "width": 5068, "height": 3326, "position": [-2.270606532410616, -1.1152328552344917, 2.3989163015755453], "rotation": [[-0.7838043318545784, -0.163416523106737, 0.5991208637175837], [0.24786633194084598, 0.8022525896540394, 0.5430958146437677], [-0.5693970941761017, 0.574182743008785, -0.5883036008513961]], "fy": 4205.602293502312, "fx": 4219.170711040735}, {"id": 59, "img_name": "_DSC8933", "width": 5068, "height": 3326, "position": [-2.2378965589968205, -0.671026178501706, 2.544478088762111], "rotation": [[-0.7876474429634462, -0.05050850105365812, 0.6140524382448593], [0.24863959046421513, 0.8858195121556596, 0.391793499101372], [-0.5637285336462325, 0.46127289450565157, -0.6851550606595894]], "fy": 4205.602293502312, "fx": 4219.170711040735}, {"id": 60, "img_name": "_DSC8934", "width": 5068, "height": 3326, "position": [-0.7808824665533516, -1.5223145751899292, 3.0978596598335417], "rotation": [[-0.9802050467755363, -0.0072323166526586866, 0.19785287430715792], [0.12357966793084817, 0.758403590360928, 0.63996254562416], [-0.15468074201357346, 0.6517451094741635, -0.7424972594741617]], "fy": 4205.602293502312, "fx": 4219.170711040735}, {"id": 61, "img_name": "_DSC8935", "width": 5068, "height": 3326, "position": [-0.7404541101442277, -1.1118150940580893, 3.198147466742784], "rotation": [[-0.9810299932224475, 0.01418084440519593, 0.1933366391812988], [0.09405995716464141, 0.9068777731779379, 0.41076201013970404], [-0.1695077486610861, 0.42115508802314156, -0.891008145291652]], "fy": 4205.602293502312, "fx": 4219.170711040735}, {"id": 62, "img_name": "_DSC8936", "width": 5068, "height": 3326, "position": [0.822543161451667, -1.6447147064281014, 3.159721440970227], "rotation": [[-0.9767040124925498, 0.11194027310639712, -0.18308098546221885], [-0.02934703818197811, 0.7754695630286909, 0.6307025512601299], [0.21257474763220932, 0.6213825971758112, -0.7541191183070122]], "fy": 4205.602293502312, "fx": 4219.170711040735}, {"id": 63, "img_name": "_DSC8937", "width": 5068, "height": 3326, "position": [0.8356877255876728, -1.1650404154780927, 3.3087266588171076], "rotation": [[-0.9695449604743259, 0.03998244061578554, -0.24162775929359429], [-0.06779169172550116, 0.9042250742492034, 0.42164120011215395], [0.23534412283257167, 0.42518045526744047, -0.8739763865841798]], "fy": 4205.602293502312, "fx": 4219.170711040735}, {"id": 64, "img_name": "_DSC8938", "width": 5068, "height": 3326, "position": [2.3629087087230434, -1.5651260493641455, 2.6915839021615864], "rotation": [[-0.8135483458716444, 0.19770492170812692, -0.546856336583837], [-0.17175319751265403, 0.8167729244998857, 0.5508019870589459], [0.5555537130410441, 0.5420283698629504, -0.6305278092122677]], "fy": 4205.602293502312, "fx": 4219.170711040735}, {"id": 65, "img_name": "_DSC8939", "width": 5068, "height": 3326, "position": [2.3391812680088124, -1.1196473484624332, 2.774117221264012], "rotation": [[-0.7797087125316974, 0.10932748782677418, -0.6165239849410961], [-0.18804236474147468, 0.8983008837791033, 0.39710904203268377], [0.5972389745023315, 0.4255620079461608, -0.6798548262152994]], "fy": 4205.602293502312, "fx": 4219.170711040735}, {"id": 66, "img_name": "_DSC8940", "width": 5068, "height": 3326, "position": [3.332660464262001, -0.8582188232147852, 1.2911995588022973], "rotation": [[-0.4471386313979522, 0.30690405802628756, -0.8401648311364637], [-0.3462514156956782, 0.8066726632653946, 0.4789458961814518], [0.8247284410278963, 0.5050634747309612, -0.2544285460642789]], "fy": 4205.602293502312, "fx": 4219.170711040735}, {"id": 67, "img_name": "_DSC8941", "width": 5068, "height": 3326, "position": [3.3070479674965108, -0.47598115338884167, 1.4210602900288716], "rotation": [[-0.43204873147360845, 0.1168999340570929, -0.8942417453068793], [-0.3123677432721032, 0.9107887135303708, 0.26998205916094753], [0.846026173705719, 0.3959776821023368, -0.35698933973120467]], "fy": 4205.602293502312, "fx": 4219.170711040735}, {"id": 68, "img_name": "_DSC8942", "width": 5068, "height": 3326, "position": [3.4220286349600206, -0.3801397538643551, -0.28314580226843283], "rotation": [[-0.03602650205983834, 0.3137694429609676, -0.9488154867060805], [-0.4012462011436849, 0.8650012663695194, 0.30128772833769646], [0.9152614802432658, 0.3915629525926734, 0.0947358271184341]], "fy": 4205.602293502312, "fx": 4219.170711040735}, {"id": 69, "img_name": "_DSC8943", "width": 5068, "height": 3326, "position": [3.3643276648865483, 0.02244763761995514, -0.11937949215635815], "rotation": [[-0.029444909030452472, 0.1629061158374708, -0.9862021064441794], [-0.3622800313928576, 0.917807886702699, 0.16242494254367423], [0.9316040876821967, 0.36206391773977464, 0.03199286302829467]], "fy": 4205.602293502312, "fx": 4219.170711040735}, {"id": 70, "img_name": "_DSC8944", "width": 5068, "height": 3326, "position": [2.8146097702419657, 0.22905738375339554, -1.739350653011605], "rotation": [[0.4179984286850717, 0.361400242525099, -0.8334669629443091], [-0.366960236157001, 0.906451827496311, 0.20901021388486238], [0.8310339937068812, 0.21848329256809898, 0.5115149579163776]], "fy": 4205.602293502312, "fx": 4219.170711040735}, {"id": 71, "img_name": "_DSC8945", "width": 5068, "height": 3326, "position": [2.780049300796864, 0.7477964041329203, -1.617626612055527], "rotation": [[0.45994561267616624, 0.09251247994206219, -0.8831146439930183], [-0.307570102200983, 0.9495864952027817, -0.06071342817346095], [0.8329769898454714, 0.2995445362270303, 0.4652122152357032]], "fy": 4205.602293502312, "fx": 4219.170711040735}, {"id": 72, "img_name": "_DSC8946", "width": 5068, "height": 3326, "position": [1.6113534910255365, 0.7347659663851543, -2.891624232108711], "rotation": [[0.8293134911265655, 0.22761176757764243, -0.5103254027536245], [-0.24628723250551646, 0.9686747890846518, 0.03180805081389257], [0.5015792385458566, 0.09930778545505284, 0.8593929434244686]], "fy": 4205.602293502312, "fx": 4219.170711040735}, {"id": 73, "img_name": "_DSC8947", "width": 5068, "height": 3326, "position": [1.6024697279127105, 1.1637559641081572, -2.675948082711741], "rotation": [[0.8233879596381014, 0.03281716721017227, -0.566529170881168], [-0.2278466362144813, 0.9334415914574661, -0.2770788799297033], [0.519728946941336, 0.3572251795067821, 0.7760618485904311]], "fy": 4205.602293502312, "fx": 4219.170711040735}, {"id": 74, "img_name": "_DSC8948", "width": 5068, "height": 3326, "position": [-0.06513035882149981, 1.0430213220290891, -3.5231511353873546], "rotation": [[0.9988547540266491, 0.024584961888010664, -0.04104582813547439], [-0.027909466751572597, 0.9962008677351978, -0.0824917740703996], [0.038861832483874224, 0.08354286787394871, 0.9957461258791775]], "fy": 4205.602293502312, "fx": 4219.170711040735}, {"id": 75, "img_name": "_DSC8949", "width": 5068, "height": 3326, "position": [-0.06655948037825171, 1.5755180701907223, -3.2825149115551087], "rotation": [[0.9981982469826024, 0.042124226890145604, -0.04272948899492057], [-0.05399095205059, 0.9412544231530802, -0.3333542979945412], [0.026177028432012587, 0.33506068167373804, 0.9418328422702191]], "fy": 4205.602293502312, "fx": 4219.170711040735}, {"id": 76, "img_name": "_DSC8950", "width": 5068, "height": 3326, "position": [-1.73460768781135, 1.1106999183610247, -3.3140642718805564], "rotation": [[0.906629953479061, -0.07648138781755504, 0.4149370130177069], [0.131063620747081, 0.9858337205929467, -0.10466232683507978], [-0.4010541793464086, 0.149273147817578, 0.9038103078464033]], "fy": 4205.602293502312, "fx": 4219.170711040735}, {"id": 77, "img_name": "_DSC8951", "width": 5068, "height": 3326, "position": [-1.6546081076089127, 1.6109827197820077, -3.0032134695997446], "rotation": [[0.8988101716622479, 0.014703367886766478, 0.438091413165411], [0.157096887710569, 0.9222405854168265, -0.35326034377167487], [-0.409219798138034, 0.3863367877678949, 0.8266093655585154]], "fy": 4205.602293502312, "fx": 4219.170711040735}, {"id": 78, "img_name": "_DSC8952", "width": 5068, "height": 3326, "position": [-3.014156353697921, 0.8727926556133995, -2.2699044007945326], "rotation": [[0.6221205203005348, -0.15596182714229223, 0.7672300611260157], [0.2556809964611168, 0.9667007340676074, -0.010812899786792118], [-0.7399954636817999, 0.2028930733849399, 0.6412808390266868]], "fy": 4205.602293502312, "fx": 4219.170711040735}, {"id": 79, "img_name": "_DSC8953", "width": 5068, "height": 3326, "position": [-2.9282741940397865, 1.385797343403395, -2.064088390725177], "rotation": [[0.6441740587196608, 0.0690825259853021, 0.7617528383118297], [0.24278336729116778, 0.9259439663983918, -0.2892818826977859], [-0.7253247677002352, 0.3712888036204481, 0.5796969947021421]], "fy": 4205.602293502312, "fx": 4219.170711040735}, {"id": 80, "img_name": "_DSC8954", "width": 5068, "height": 3326, "position": [-3.598175240429801, 0.09065507955645168, -0.7500398198528716], "rotation": [[0.17020586114022795, -0.252457847743781, 0.9525203409618563], [0.37665688112510576, 0.9098923529985975, 0.17385482407970013], [-0.9105819890238447, 0.32918223078904707, 0.24995899703376398]], "fy": 4205.602293502312, "fx": 4219.170711040735}, {"id": 81, "img_name": "_DSC8955", "width": 5068, "height": 3326, "position": [-3.523403275992112, 0.26431045505634326, -0.6766353270054443], "rotation": [[0.1577576317776352, 0.08348944670856827, 0.9839420927596345], [0.3578428340713574, 0.9238594887984274, -0.1357650583209365], [-0.920359188425742, 0.3735146011140735, 0.115869784822893]], "fy": 4205.602293502312, "fx": 4219.170711040735}, {"id": 82, "img_name": "_DSC8956", "width": 5068, "height": 3326, "position": [-3.3313635861037727, -0.6719312229087374, 0.9606920001470414], "rotation": [[-0.3426628866114206, -0.17919203603815415, 0.9222105835218052], [0.3765349677085577, 0.8731492963317139, 0.30956699502393387], [-0.8606994622002753, 0.45332165240139777, -0.2317237908204985]], "fy": 4205.602293502312, "fx": 4219.170711040735}, {"id": 83, "img_name": "_DSC8957", "width": 5068, "height": 3326, "position": [-3.320855387052895, -0.5534746317977375, 0.9755065583094424], "rotation": [[-0.38954760628377605, 0.13098628967186793, 0.9116442586648466], [0.35517706344690275, 0.9346356323935062, 0.01747822249616608], [-0.8497658007002957, 0.3306037304362856, -0.410608399063873]], "fy": 4205.602293502312, "fx": 4219.170711040735}, {"id": 84, "img_name": "_DSC8958", "width": 5068, "height": 3326, "position": [-2.339627381690485, -1.4596979588250993, 2.4649954029791785], "rotation": [[-0.7973485891762803, -0.07940757089566347, 0.59827223320412], [0.26519767291785085, 0.8443732045178779, 0.4655148609563034], [-0.5421304470490026, 0.5298380216411993, -0.6522010803469953]], "fy": 4205.602293502312, "fx": 4219.170711040735}, {"id": 85, "img_name": "_DSC8959", "width": 5068, "height": 3326, "position": [-2.341343798516227, -1.3550656483218126, 2.477417215708993], "rotation": [[-0.8200677307044013, 0.1352774247683621, 0.5560476017441072], [0.24090419224350937, 0.9629750957208364, 0.12101295459969666], [-0.5190896716530156, 0.23319301741151277, -0.8222937002152443]], "fy": 4205.602293502312, "fx": 4219.170711040735}, {"id": 86, "img_name": "_DSC8960", "width": 5068, "height": 3326, "position": [-0.5529307106876401, -1.8039162993091677, 3.1803926660746016], "rotation": [[-0.9954806606320645, 0.03396746575868401, 0.08868182213667807], [0.07979952032113372, 0.8054512432742224, 0.5872651285957021], [-0.05148097574896712, 0.5916878450483347, -0.8045217232356079]], "fy": 4205.602293502312, "fx": 4219.170711040735}, {"id": 87, "img_name": "_DSC8961", "width": 5068, "height": 3326, "position": [-0.5432955342045923, -1.6850722081321965, 3.1884195478980275], "rotation": [[-0.9988155974485747, 0.029360109182264612, 0.038799307754812024], [0.03953316366823362, 0.9545639707358707, 0.29537223082637337], [-0.02836426032576504, 0.2965562505862475, -0.9545940807350523]], "fy": 4205.602293502312, "fx": 4219.170711040735}, {"id": 88, "img_name": "_DSC8962", "width": 5068, "height": 3326, "position": [1.3701957776959042, -1.922892186675796, 3.1632133679534977], "rotation": [[-0.9297420233691572, 0.1469553908863508, -0.3376149923668461], [-0.08924990419993682, 0.7996206607320485, 0.593836049369474], [0.3572313320269203, 0.5822464358155247, -0.7303251764785261]], "fy": 4205.602293502312, "fx": 4219.170711040735}, {"id": 89, "img_name": "_DSC8963", "width": 5068, "height": 3326, "position": [1.372226059953664, -1.7785343595196161, 3.1882452128237464], "rotation": [[-0.9059728094693619, 0.024427828121044028, -0.42263051204980384], [-0.12342784769627316, 0.9397166539621005, 0.3189015156429012], [0.4049430020573961, 0.34108047654411816, -0.8483426628463175]], "fy": 4205.602293502312, "fx": 4219.170711040735}, {"id": 90, "img_name": "_DSC8964", "width": 5068, "height": 3326, "position": [2.913341188566812, -1.5690553735756996, 2.2348402369148523], "rotation": [[-0.6768271800751352, 0.21994310421306923, -0.7025169031565422], [-0.24871237425243073, 0.829882945428902, 0.4994361338349167], [0.6928543304369675, 0.5127565970276433, -0.5069847620978087]], "fy": 4205.602293502312, "fx": 4219.170711040735}, {"id": 91, "img_name": "_DSC8965", "width": 5068, "height": 3326, "position": [2.891156340262201, -1.4512207109134658, 2.248065185119655], "rotation": [[-0.643279293229011, -0.03418037623369881, -0.7648682584493274], [-0.2503488520479922, 0.9534782245893837, 0.1679426316101106], [0.7235448867769276, 0.2995179078359082, -0.6219098163757858]], "fy": 4205.602293502312, "fx": 4219.170711040735}, {"id": 92, "img_name": "_DSC8966", "width": 5068, "height": 3326, "position": [3.6029602278745756, -0.9824725776417117, 0.6290631870750021], "rotation": [[-0.30058161516319964, 0.27747879547386506, -0.9124999784593176], [-0.34916943191255856, 0.8583073535139042, 0.3760175457632518], [0.8875423372683374, 0.43164106033408245, -0.16110429724227007]], "fy": 4205.602293502312, "fx": 4219.170711040735}, {"id": 93, "img_name": "_DSC8967", "width": 5068, "height": 3326, "position": [3.577927110832141, -0.8250953034346895, 0.6957974938733122], "rotation": [[-0.2881962602644204, 0.02415867715924334, -0.957266563652736], [-0.3356670076487261, 0.9337009223500659, 0.12462041397293673], [0.8968113377660611, 0.357237940203097, -0.2609798431559341]], "fy": 4205.602293502312, "fx": 4219.170711040735}, {"id": 94, "img_name": "_DSC8968", "width": 5068, "height": 3326, "position": [3.4199366306694627, -0.28873171283149607, -1.068329474638848], "rotation": [[0.17903183203492548, 0.3269588833747712, -0.9279253696825738], [-0.37977739120768256, 0.8930286959164043, 0.24138948070977187], [0.907588417866659, 0.3091886751680425, 0.2840521552499217]], "fy": 4205.602293502312, "fx": 4219.170711040735}, {"id": 95, "img_name": "_DSC8969", "width": 5068, "height": 3326, "position": [3.415041889969028, -0.18661933457861046, -1.007614166111482], "rotation": [[0.20503304864395444, 0.010480154783309116, -0.9786989400829468], [-0.34904377233807393, 0.9349788401798534, -0.06311111952693343], [0.9144013855828153, 0.35454863526976654, 0.19535959477991713]], "fy": 4205.602293502312, "fx": 4219.170711040735}, {"id": 96, "img_name": "_DSC8970", "width": 5068, "height": 3326, "position": [2.3914872908943274, 0.29443842351675154, -2.5145627257774232], "rotation": [[0.6173555005162511, 0.2900288752500826, -0.7312697433256083], [-0.30603307915956723, 0.9448796428129931, 0.11638820841350084], [0.72471783505199, 0.15193983058685578, 0.6720850745544008]], "fy": 4205.602293502312, "fx": 4219.170711040735}, {"id": 97, "img_name": "_DSC8971", "width": 5068, "height": 3326, "position": [2.3868468932512577, 0.40189292438341334, -2.4672307424405555], "rotation": [[0.6685722443295518, -0.02179362952034225, -0.7433277822229413], [-0.29315627883359024, 0.9108998327926124, -0.29038059645718906], [0.6834255996760648, 0.4120516136732396, 0.6026134062371089]], "fy": 4205.602293502312, "fx": 4219.170711040735}, {"id": 98, "img_name": "_DSC8972", "width": 5068, "height": 3326, "position": [0.8855967757638148, 0.7556191359539997, -3.5264126293577984], "rotation": [[0.945480041796226, 0.1435475594572333, -0.29233814109499834], [-0.15508083016228583, 0.9877633403576019, -0.01653842682266369], [0.28638684795427205, 0.060972794092647685, 0.9561719990144829]], "fy": 4205.602293502312, "fx": 4219.170711040735}, {"id": 99, "img_name": "_DSC8973", "width": 5068, "height": 3326, "position": [0.8822800937956263, 0.8286224440184635, -3.4886387862497843], "rotation": [[0.9651069446376548, 0.006448760581032058, -0.2617766202301866], [-0.1266046248682858, 0.8865761989920176, -0.4449201190582724], [0.22921573762316463, 0.46253762751568134, 0.8564572895118783]], "fy": 4205.602293502312, "fx": 4219.170711040735}, {"id": 100, "img_name": "_DSC8974", "width": 5068, "height": 3326, "position": [-1.0340091275576748, 1.017956815749262, -3.871196415045432], "rotation": [[0.9736480916981041, -0.0413010710007177, 0.2242846